616

106. 111, 111, 113,111, (11111.) 1111111111.
111, 111, 226. 81. 11, 111, 111, 111, 111,
(1111.) 1111111· 111111· 11,, 266.
116, 111, 111, 111, 111. (11-111.) 1111 11111111 111
(11111.) 111111 11111111 11. 216. 260, 266.
111, 11,111,1ο1,111, (11-111.)1)11111111111,111, ,
111, 111, 111, 111, 111, 111.
111, 111, 111, 111, 111, (11-11111111111111111,
111, 111, 111, 111, 111, 262, 266.
266, 266. (11-111.)11111111111,111
(11-111.) 1111111 11, 111, 11-111.) 111111 1111 262.
111, 111. 11-111.)11111111. 11111-
(11-111.) 11111 111, 111, 1111111111, 111, 111,
ww. mmmm
(11-111.) 11 11111111 111, (11111) 11 11111111 11 ,111,
111,111, 111,111,111.
(11-111.) 11111 1111111, (11111) 1111111111, 61,
mmffl6 6666m,m
(11111.)1>1111111,11,11,111,111,111,111.
11, 111, 111, 111, 111, (11111.) 1111111111,111,
1111111111. 116, 266. -
(11-111.) 11111111. 11111111 (11-111.)111111111,11,11,
11, 111, 111, 111, 111, 111111111111111111.
111, 111, 111, 111, 111, (11-111.) 1111111111, 11,
266. 111, 111, 111, 111, 111,
(11-111.) 11 1111111111 111, 111, 111.
111, 111, 111, 111, 111, (11-111.)111111111,111,
111. 161, 111, 266.
(11-111.) ἒ111111111, 111, (11-111.) (11 11111111 111,
(11-11’1.))111111111111111 (11-111.) 11111 66. 11, 11,
111,111,111. 11, 111, 111, 111, 111,
(11-111.)11111111111,111, 111, 111, 111, 111, 111.
166, 166, 111, 111, 111, (11-111.) 11111 11, 11, 11,
111,111,111,111,111,111. 11, 11, 111111, 261, 262,
(11-,11) 11111111 111, 111. 111.
22- 16 1.) Zmin 213 (13111.) Iupiter consutam 68,
26 ..11) 1111111111 111, 111. 111, 262.
(11-,11) 111111 11, 11, 111, (11111.) 1111111111,
111,111,111,111,111. 111, 111, 111, 111.
(11-111.) 1111111 11111111 (11111.) 11111111. 1111111,
1111111111 11, 11, 11, 11, 11,111,111,111,111, ,
111, 111, 111, 111, 111, 111, 111. ;
111, 111, 111, 111. (11-111.)1111111111111,11,

 

4

