INDEX SCRIPTORUM

’ 00010110011110111101.

A. · Anoedotasssxxnm4,122,226‚
359, 360, 347, 384.
numus. 1011101101311303, 335.
Hine. Anias. 131. 341. 1110111131, 164, 335, 400.
770νί0οΗ41. 8,133, 309, 371. Ammon 14, 156, 369, 374.
Bqn'ut. Bm. 413. “·100110001000011001 640.
Annus Hnaommus ³15. 1001101105 Rnomus 405.
Amemus 1001103100 Lem Homi-
10 11101110139341351, omn 5.
· 393, 314, 336, 383, 609- Annus 131.
646. 10011110 37. -
dam. hyat. 145, 347, 353, Amsmcnus 5.
536-561. ¹ 1018110010 333, 361, 577.
aenimate· amaa, 144, Amswopnms
303, 351, 374, 336, 350, Admotum 111.
354, 355, 383, 478-504. Equites 100, 316, 334, 351,
Amanus 103, 139, 381, 358.
389, 403. Nubae 73, 106, 334, 395,
mom 1151100131100. 310, 316, 335.
, 1101011100 30 sqq. Veepao 67, 70, 73,93,104,
Amnum 1100100 633. 133, 303.
1110310135, 337, 376. Pax 37, 156, 303, 339.
13101101 139. Aves 134, 369, 305, 351,
11101001540. 381, 570, 601.
101111001001 359. 50011νο10 35, 115190, 305,
1110001008 70. 350, 365, 375.

 

