Phemophcm'aweaa 34, 70,
334, 397, 375.
Ranae 64, 133, 178, 351, 361.
3005300100, 90, 117, 364,
383, 353.
Plutus 38, 383.
fraqmenta 137, 313, 367, 400.
1110101101 305.
1101011110 383, 364, 308,
3001011100 (Ρο0000-) 364.
11101011100 194, 361, 363.
111111100100 119.
1111011000 337.

B.
3111100 359, 367, 393, 397.

0.

0113011100 369.

0111111100οε 137. 339.

0111111111 111101 ἐν μύρτον
1103111τὲ. 395.

0101011101 331.

0111111101 167, 169 sqq.

01011110 393, 458-477.

01011111018100111 360.

00111000 incertus 130, apud
Ρ101111011011 371.

01111101 ψηφίσματα 350, 369.

Omns 0110000 366.

01111100 308, 349, 371, 399.

D.

3111010183.

0100011101 13.

3111001111111033, 91, 93, 93,
97, 98, 99, 100,113,118,
133, 196, 334, 337, 347,
348, 353, 375, 384, 398,
7311. 337, 338, 347, 348,

’ 349, 350, 384, 448.

676

' de 10171. 30900. 505-514.

01011100 314.

3111101100. 7, 330, 351, 374,
348, 354, 383.

010 0011000100οε 95, 96, 134,
147, 308.

31000100 3100100 339.

3100111110 3111111100 330, 333.

3101111100 3111011110011011 6,
35, 41, 94, 96, 97, 131, 196,
300, 336, 356, 380, 383, 386,
388, 398, 348. 358, 363, 365,
367, 371, 448, 630.

31101100 318, 483.

311100 81111011001010 394.

Ε.

31101101 365, 631.
31101110000156, 188.
Epiyrmnma apud 30011011 197.
311110011111110 Ἐρμῆς 359.
3001111100 367.
30110100 135.
30111100 357, 363, 367.
3010110 74, 330, 359, 313, 399.
3011111001
Alcestis 73, 571, 579, 581,
Androm 370, 566, 567,
573, 573, 591, 593.
Bacchae 587, 588, 599, 604.
0004001573, 577, 578, 599,
600, 601.
3100110134, 563, 570, 574,-
605, 606.
Hecuba 563, 564, 569, 571,
Helena 574, 601, 607.
Heraclidae 589, 601, 607.
Hercules 160001 575, 583,
603, 603, 604, 697. -
1130070101 333, 565, 571,-
579, 588, 590.Ι ’·

 

