681

8101111113 Χ.
117111111φή11 2, 8,145, 206,
259, 343, 367, 371, 642. 7111011101 Epnnsws 172.
Ecloyae Phyma 9,145, 392. 1121101201
Αῃρονιᾱὶτ florentum 12 sqq. ostopaodia 117, 120, 127,
81111103, 66 246, 269, 277, 136, 254, 336, 378, 455,
334, 343, 359, 360, 363, 366, 569.
367, 370, 374. Helleniea 33, 89, 97,113,
Smms 275. 114,118,125, 132, 145,
153, 155, 198, 204, 295,
Τ. 214, 238, 242, 248, 250,
251, 260, 269, 273, 274, .
7111011513 359. - 279, 282, 289, 290, 292,
'sumemus 41, 110, 130. 301, 369, 378, 392, 577.
Tnnopmusws 56, 66, 73, 136, 1145411133, 65, 98, 107, 113,
138, 204, 359, 560, 581. 114, 250, 284, 291, 322,
711010111111298, 555. 325, 336, 434.
Tuom 1115111111 340. anorabilia 154, 163, 265.
7135151515 17, 32, 33, 56, Apoloqia Socratiae 342, 380.
92, 93, 98, 99,117,120, oeconomum 9, 73, 204, 250,
132, 149, 153, 154, 156, 343.
191, 214, 215, 230, 247, Hiero 116.
253, 254, 271, 273, 276, dorep. Lacedaemonionmm.
277, 279, 282, 291, 292, de re equestri 394.
298, 312, 326, 357, 308, Sympou'mn 127.
369, 427-457, 528. do Venatione 131.
7111051113 358. do' Vectiqalibw 243.
7111001101 Rnomus 63. ’

’ . qr&
¹ · 1

 

