333 333, 333, 333, 333, 333,
3135511133, 333693,
1331383933593, 593596,
33518 35318 333, 333, 333,
333, 331666.
333. 333, 333, 333, 833
3333333313, 313, 336, 334
mom 333, 633, ’,333 333,
m‚ffl‚m‚m.
33333.. 333, 333, 333, 333.
« Ἥ 303), 333, 333 333

677

1

1393335903 167, 168, 919, 966,
333, 333, 313.

1333 879.

lmus 99, 103, 155, 900, 959,
971, 974, 654.

1333331333

ad 1733333ιὲ43333 155. -
Mooolee 198, 155. ’
Pmyyriw 70, 195, 914,

973, 999.

91103333 156.
9341333199, 958, 968.

3 3333333333· .. .'

61, 691, 608.
8333333333 194.

G.

63333333 994.
93333333 194.

H.

7133333333333 14, 38, 88, 907,
397, 388.

9333363333 83333333 996.

1133333333 57, 88, 91,100,
119, 114, 195,198, 139,
153,156,157,188,195,
941, 965, 976, 989, 984,
986, 339, 653, 363, 364,
368, 304, 408-497, 606.

113333333131.

1133333333 4, 87,135, 140,
167, 907, 918, 919,956,
694, 399, 696, 333, 661,
369, 363, 367, 376, 699,
413, 595.

1133333333 108, 109, 195, 997,
574, 578, 639, 633.

mmmm.

Ρωα15333663333 156.
eontra Callimachum 969, 986,
514 -596, 586.

1.

mon 1193336333 369.
13333333 90.
honnus 179 sqq. 189.
93333333
(1. vulg. 1 333333983331333
81, 84, 89.
(9-44 3.) ad 3333, qm' so dimi
Prmnethmm 3413343149,
(3-653.) Myr-hm 61, 69,
114, 999, 976.
(415 n.) Iudicium 3333793333
143, 905
(5395.) 99333343, 77, 8'0,
89, 83, 199, 999, 993,
981, 995, 616.
(6 751³)me 107.
(7-183.) Prometheus 105,
119, 996
(8-90 3.) 191313φί Dmm 81,
89, 83, 101,106,197,

 

